1934,7640
1945,7955
1911,8185
1908,8400
1935,10520
1946,10835
1912,11065
1909,11280
460,12065
472,12300
1042,12515
1897,12745
736,8070
747,8335
734,9240
752,11285
598,11940
565,12175
537,12420
739,12655
386,7760
536,9540
645,11000
632,11260
794,12035
721,12235
530,12500
2206,7830
2201,8010
2220,8250
2222,8485
1714,9110
1720,9305
1706,9460
1717,9615
1745,9785
158,10590
114,11025
1109,11160
1907,11295
1715,11990
1721,12185
1707,12340
1718,12495
1747,12665
1882,7615
999,7940
699,8145
658,8365
1242,9050
1253,9205
1739,10605
454,11020
432,11235
404,11430
2029,12000
2035,12185
2016,12385
2019,12635
1477,7685
852,7835
879,8150
1481,8470
1692,9105
6,9315
199,9510
117,11090
1469,11255
1465,11710
247,12090
239,12380
315,12630
323,12765
436,7645
491,7775
448,7995
450,8205
1034,8345
997,8520
43,9075
63,9250
48,9390
64,10690
22,10830
23,11055
314,11190
333,11325
1294,11930
1257,12080
1046,12240
1074,12390
1403,12610
267,7735
220,8055
589,8435
1558,9135
1545,9285
374,10605
378,10970
1402,11170
1419,11550
1559,12015
1546,12165
1394,12325
1348,12590
457,7745
469,7980
654,8255
672,8400
694,9050
665,9275
1065,9435
1064,11095
78,11345
1756,12015
1097,12225
1058,12425
1070,12620
1085,12790
1425,7740
1431,7885
1270,8065
1027,8215
986,8435
139,9200
655,9600
673,9840
2121,10485
771,10695
2106,10885
2111,11045
331,11275
292,12060
549,12300
508,12460
511,12630
584,12790
2143,7635
2123,7790
2133,7960
2150,8145
607,8280
680,8495
1478,9125
1485,9275
1476,11030
1483,11350
1480,12005
853,12155
880,12470
1484,12790
606,7905
616,8055
649,8225
605,8390
27,9590
1157,11015
1360,11230
105,12370
111,12570
1547,7695
1549,7845
1015,8020
1023,8255
106,9200
108,9550
1333,11020
1337,11225
1305,12060
1315,12430
566,7730
262,8045
264,8265
1357,9175
1361,9495
1551,9765
1550,10725
2020,11005
2024,11190
1837,11345
115,12030
119,12175
733,12390
500,12655
289,7740
543,7980
506,8140
509,8310
582,8470
147,9060
1175,9235
1187,9455
1280,11020
1446,11155
838,12025
1273,12385
1030,12535
989,12755
1352,7740
1359,8110
211,9155
170,9345
1325,11115
1351,12060
1434,12205
1467,12370
1470,12635
1237,7760
1210,8110
2294,8375
2295,8545
294,9230
308,9375
1460,9540
1458,11140
1786,11275
1793,11415
2086,11950
2090,12105
2094,12255
2098,12405
245,7770
237,8030
1400,8290
1418,8670
326,9240
286,9380
1040,9590
1895,9865
1566,10465
545,11050
806,11150
762,11360
671,11970
687,12115
705,12305
663,12485
395,12635
342,12835
984,7760
991,8075
1557,8325
1560,8480
166,9105
184,9290
1228,9480
1758,10980
295,11150
287,11285
168,11985
186,12170
535,12335
299,12450
304,12605
1563,12830
596,7620
568,7855
542,8100
546,8335
559,9180
575,11050
561,12060
576,12305
738,12540
601,12805
427,8215
526,9300
644,9560
631,9820
790,10595
720,10795
587,11015
461,11385
468,12075
467,7755
502,9360
557,11040
297,11400
385,12080
344,12820
788,7715
718,7915
647,8050
538,8650
591,10415
737,11185
525,11420
516,12240
541,12490
66,7770
19,7965
69,8905
73,11025
539,11530
590,12660
558,7740
643,8120
630,8380
789,9155
719,9355
540,11050
528,12180
646,12440
633,12700
1003,7870
1017,8030
226,8310
249,8465
578,9600
547,11215
1195,11975
1158,12215
744,8220
600,8485
571,9090
745,10965
741,12120
748,12350
668,7650
684,7795
702,7985
660,8165
597,9060
569,9295
252,9600
215,11020
532,11220
743,11440
573,11970
588,12215
580,12480
754,12725
570,7650
585,7895
577,8160
725,8405
59,9315
20,11065
61,12195
21,12435
233,12660
256,12825
9,7685
1,7940
1602,8190
223,8340
203,9175
217,9340
2214,9500
1143,10710
1103,10840
1112,11025
995,11165
1172,11310
138,12185
153,12420
68,12620
38,12795
2265,7810
2266,7980
1848,8165
1824,8305
1844,9265
1845,9460
2255,9610
2256,9805
2261,10690
2263,10860
1831,11045
1832,11185
12,12005
3,12260
1604,12510
266,12660
1741,7675
1769,7885
1770,8050
1775,8195
1735,9115
1732,9325
2253,9490
2251,10765
1771,10930
1776,11075
1736,11995
1733,12205
2254,12370
2260,12515
34,7850
49,8070
1759,8265
1783,8470
1052,9120
1089,9295
994,9595
1080,11040
128,11200
134,11400
1054,12000
1081,12175
129,12345
142,12555
717,12780
1878,7750
1901,7955
2248,8170
2257,8390
2245,9065
2241,9265
1658,9490
1703,9680
2246,10505
2242,10705
1659,10930
1704,11120
1729,11310
1740,12045
1660,12370
1705,12560
1730,12750
847,7895
858,8095
817,8275
823,8445
610,9170
689,10915
1229,11220
1261,11395
1014,11940
1026,12100
381,12260
352,12430
364,12610
435,12800
122,7645
862,7865
826,8035
899,8220
914,8400
1809,9180
353,10745
360,10870
1543,10990
356,11175
359,11365
1116,11975
1128,12140
1197,12355
1182,12620
1075,7645
487,7785
444,7925
301,8200
310,8360
1271,9505
1176,10675
1188,10895
1029,11095
988,11315
118,12080
1066,12315
1059,12580
2187,7705
2191,7920
1640,8165
1622,8370
1586,9275
1906,9855
2238,10505
1063,11030
1651,11165
1574,11365
1980,11995
1955,12145
1965,12295
1971,12455
615,12650
625,12850
406,7670
414,7815
425,8000
428,8215
1592,8345
1580,8515
1267,9120
1279,9270
1635,9515
1638,9685
1634,9830
1639,11125
1632,11270
1633,11425
261,12215
1201,12365
1893,12580
1575,12805
1051,7680
1079,7855
126,8025
140,8235
10,9125
2,10930
71,11145
84,11385
1838,12145
1841,12340
2250,12490
2252,12685
1567,7675
1571,7835
1227,8040
1264,8215
161,8455
191,9090
863,9305
827,9475
900,9660
2089,10665
704,10865
662,11045
67,11225
30,11400
1088,12005
1049,12165
254,12480
1614,12655
866,7715
874,7950
775,8190
799,8415
1012,9060
1038,9220
1044,9360
2218,10755
2172,11140
793,11310
1569,11995
1572,12155
1749,12305
1752,12470
1726,12645
1731,12805
1114,7655
1126,7820
1748,7985
1751,8150
1734,8325
1742,8485
1115,9095
1127,9260
242,9540
2274,10725
876,11035
777,11255
884,11470
89,12050
103,12235
72,12475
85,12735
1118,7690
1139,7900
70,8155
83,8415
909,9590
2163,11195
2164,11310
75,11950
81,12175
1203,12390
1250,12595
90,7630
91,7855
94,8070
96,8275
74,9070
80,9295
1202,9510
1251,10735
95,10950
97,11155
163,11355
182,11970
1207,12240
1220,12460
164,12775
86,7730
100,7915
1515,8110
1514,8270
1119,9130
1138,9340
1135,9535
1876,11030
1461,11155
1513,11300
929,12200
949,12360
974,12545
981,12730
116,7760
173,7950
269,8120
1147,8290
1098,8465
2116,9090
2100,9285
755,9445
617,10935
626,11105
634,11270
1006,12190
1020,12350
1375,12520
1389,12795
1011,7620
1025,7780
334,7930
396,8125
349,8285
354,8460
669,9090
685,9235
703,9425
773,10825
785,11035
796,11250
179,11400
125,11965
893,12140
907,12370
2302,12605
2303,12770
1657,8050
1702,8240
1727,8430
1738,9165
1723,9440
1687,9605
1698,9795
1709,9990
1728,10180
1755,10575
1096,10950
1057,11150
1100,11345
873,12035
877,12270
1407,12530
1414,12705
15,7650
1155,7895
1151,8150
1171,8325
501,9380
512,9540
2015,10945
2018,11195
2357,11960
2354,12090
2355,12330
2358,12600
1902,7770
1874,7915
1681,8110
1690,8290
1597,9070
1606,9205
1812,9390
1200,10925
1892,11140
1846,11335
2156,12010
2149,12195
2286,12385
2293,12545
1598,7620
1615,7750
592,7995
563,8235
1903,9210
1875,9355
2071,9600
2073,9965
2228,10515
1169,10775
1823,11015
2072,11240
2074,11405
2239,11945
2219,12195
1865,12585
1579,12845
926,7880
942,8040
972,8225
979,8410
319,9125
278,9300
1942,9455
1915,9690
1919,10640
1921,10790
465,11005
481,11290
1123,11425
1441,12080
1444,12355
228,12630
236,12785
1291,7610
1263,7760
1043,7915
1072,8070
193,8250
160,8420
1292,9050
1259,9200
1205,9360
1219,11020
1854,11235
1857,11385
1247,12005
1209,12230
1370,12475
1386,12705
120,7710
121,7855
1509,8075
1506,8305
955,9270
967,9415
1031,9610
416,10695
418,10880
423,11095
1593,11225
1581,11395
1078,11965
490,12105
447,12245
303,12520
317,12680
202,7735
214,7900
1649,8110
1669,8325
1296,9235
1300,11070
194,11230
248,11385
1298,12115
1301,12315
1474,7720
1166,7970
1190,8245
1487,8510
1471,9160
1159,9410
229,10940
2235,11190
2236,11370
205,12055
218,12220
201,12390
190,12560
180,12840
181,7650
890,7820
904,8050
2234,8310
2225,8490
246,9210
1183,11110
1490,11390
1472,12040
1161,12290
1184,12565
1489,12830
1415,7725
1430,7885
198,8070
189,8240
4,8460
14,9125
1867,9435
1870,9595
2314,9780
828,10915
901,11100
916,11280
2356,11980
2352,12060
2353,12330
1737,7725
1722,8000
1686,8165
1697,8355
1708,8550
2188,9145
2192,9360
2317,10895
2305,11095
2308,11230
2311,11375
1881,12070
1900,12275
637,12600
683,12815
2237,7625
2217,7875
1862,8265
1576,8525
1583,9095
1590,9295
1641,9605
1623,9810
2145,10515
2125,10670
2135,10840
2152,11025
636,11160
682,11375
2247,11945
2243,12145
2318,12335
2306,12535
2309,12670
2312,12815
2244,7625
2240,7825
2316,8015
2304,8215
2307,8350
2310,8495
1522,9120
1526,9280
1938,9450
1949,9660
1214,10565
1254,10700
1766,10865
1773,11025
1646,11160
1679,11380
1905,12090
1877,12235
1682,12430
1691,12610
627,7645
639,7875
602,8035
619,8205
2078,9095
2066,9275
593,9435
1884,10495
1001,11055
1152,11225
1009,11365
870,11995
822,12225
836,12340
846,12470
1564,7595
544,7800
379,7940
345,8110
363,8290
434,8480
1193,9095
131,10950
1036,11225
990,11400
850,12215
861,12415
830,12595
831,12765
2154,7690
2147,7875
2284,8065
2291,8225
1839,8405
1888,9140
1168,9335
271,11000
221,11210
1746,11440
1890,12020
1170,12215
219,12425
1429,12625
1399,12765
975,7820
977,8115
1302,8300
1303,8455
2325,9185
2332,9330
2335,9675
2333,10770
2323,11115
2328,11425
1132,12015
1144,12150
1104,12280
1113,12400
1110,12570
1873,12735
1295,7795
1299,7995
933,8215
950,8405
970,9115
1871,11035
2315,11220
2321,11410
284,11990
370,12235
936,12545
953,12725
930,7675
931,7965
1367,8155
1385,8385
934,9585
951,9845
976,10700
978,10995
1428,11185
1396,11325
713,12025
724,12225
948,12480
962,12670
146,7620
1174,7795
1186,8015
1287,8230
1076,9085
488,9225
445,9365
517,9735
686,10675
723,10955
947,11160
961,11340
963,11995
965,12285
1153,12470
1173,12645
1192,7655
56,7900
945,8160
959,8350
932,9260
2364,11000
1374,11170
1387,11435
1537,12220
1544,12420
1540,12600
1541,12800
954,7830
966,7975
938,8170
1021,8370
946,9600
960,9790
971,10555
983,11060
1406,11200
1413,11365
679,12100
693,12290
698,12480
708,12635
498,12810
921,7640
918,7795
898,7990
903,8180
144,8320
150,8475
1629,9150
1630,9310
1056,9545
1069,11180
1084,11350
2229,11955
2232,12220
1437,7610
664,7835
475,7990
452,8140
430,8355
402,8550
259,9335
1199,9485
1891,9700
1928,10815
1924,11015
1531,11200
1519,11370
1588,12155
1092,12370
29,12505
41,12745
726,7600
1972,7860
1985,8080
1966,8230
1973,8400
411,9405
420,9550
322,11080
324,11240
37,12170
52,12390
1760,12585
1768,12790
1408,7750
1409,7920
2064,8240
2065,8425
1879,9190
1898,9395
2137,9730
2131,9910
1693,10545
1712,10765
2129,11155
653,11345
1411,12045
1424,12205
1230,12360
1262,12535
1585,7835
1090,8050
26,8185
40,8425
407,9110
415,9255
400,9440
421,10990
513,11175
514,11410
1277,12020
1713,12205
676,7780
690,7970
651,8160
652,8315
495,8490
520,9045
531,9595
1562,10180
2069,10935
1813,11160
222,11310
1815,12055
1818,12240
778,12510
802,12735
1129,7695
1141,7830
1102,7960
1111,8080
993,8285
1008,8445
927,9320
943,9480
973,9665
944,10920
958,11105
964,11290
1976,12180
1987,12400
1967,12550
1974,12720
1594,7630
1605,7765
1828,8110
1833,8225
1826,8410
1827,8565
1599,9060
1609,9190
2296,9445
2289,9600
2298,9790
2290,11040
2299,11230
2271,11415
1782,11985
1764,12135
1767,12305
1774,12450
1787,12690
1798,12840
1440,7760
1442,8035
1511,8360
1507,8515
1438,9200
1443,10915
1272,11205
209,11340
176,12270
272,12440
1150,12610
1101,12785
1266,7680
1278,7830
410,7965
419,8110
551,8295
504,8530
1087,9125
1048,9285
1196,9475
1505,11185
393,12005
340,12185
366,12310
372,12425
2044,7625
2046,7850
1937,8010
1948,8220
1849,8455
1780,9105
1762,9255
1765,9425
1763,10695
152,10980
1149,11215
1180,11395
2042,11945
2043,12170
2038,12350
2041,12520
79,12785
258,7895
1198,8045
1886,8260
1573,8485
2196,9110
1927,9375
1923,9575
1530,9760
1518,9930
2189,10585
2193,10800
2249,11050
2258,11270
2190,12025
2194,12240
1643,12485
1625,12690
1977,7675
1952,7825
1962,7975
1968,8135
612,8330
623,8530
1978,9115
1953,9265
1963,9415
1969,9575
613,9770
624,9970
692,10850
706,11040
650,11195
497,11370
696,11930
667,12155
478,12310
455,12460
433,12675
405,12870
293,7790
307,7935
1459,8100
1455,8260
1829,9550
1834,9665
1851,9850
1835,11105
1843,11290
1847,11445
1596,11950
1608,12085
1814,12270
1820,12435
1840,12725
1491,7890
1494,8115
1743,9100
1757,9290
1449,9460
2344,10960
327,11155
300,11285
2077,11420
522,11925
865,12185
829,12355
902,12540
917,12720
2276,7690
2272,7845
1224,8050
1233,8280
1238,9200
1211,9550
2267,9755
2140,10180
695,10490
1607,11005
1448,11150
1451,11350
750,12030
809,12235
1647,12560
1678,12790
165,7665
183,7850
1060,8030
1071,8315
1275,9140
1711,9325
635,9720
681,9935
1880,10630
1899,10835
2350,11100
2351,11275
2146,11955
2126,12110
2136,12280
2153,12465
2138,12610
2132,12790
740,7800
751,8030
1107,8250
1872,8415
1321,9245
1329,9480
1380,9615
1391,9805
1318,10665
1365,10855
1343,11060
1308,11240
2080,11975
2068,12155
595,12315
562,12555
42,7635
62,7810
46,7950
47,8115
804,8270
757,8480
2346,9070
2347,9275
2348,9470
2047,10730
1939,10890
1950,11100
1670,11290
45,11955
65,12130
31,12270
32,12435
807,12590
758,12800
1086,7685
1047,7845
534,8015
298,8130
305,8285
1561,8510
1565,9025
553,9240
174,9390
1028,9655
1577,9965
1806,10870
1501,11045
1355,11235
1378,12000
1498,12365
1791,12550
1795,12730
519,7605
55,7875
24,8115
347,8315
357,8515
367,9165
368,9290
1368,9595
1384,11265
149,11940
1177,12115
1189,12335
1289,12550
383,7725
389,7850
2224,8060
2205,8200
230,8340
255,8505
891,9260
2282,9815
968,10855
937,11050
940,11250
18,11970
58,12220
911,12565
888,12795
867,7675
819,7905
856,8020
857,8150
16,9090
54,10955
227,11190
188,11320
439,11965
494,12095
456,12315
462,12525
332,12715
1808,7740
1816,7920
251,8160
1612,8335
1503,9180
1464,10955
253,11215
1286,11370
1313,12120
197,12460
208,12790
749,7710
808,7915
1784,8370
1797,8520
2155,9130
2148,9315
2285,9505
782,10760
832,10920
833,11090
232,11275
235,11430
923,11960
920,12115
889,12310
894,12500
145,12640
151,12795
1320,7805
1328,8040
1379,8175
1390,8365
1317,9225
1364,9415
1381,11055
1392,11245
1319,12105
1366,12295
1382,12495
1345,12685
710,7705
722,7905
1134,8095
1106,8245
714,8460
727,9040
1619,9585
1620,10210
51,10995
1136,11205
1146,11345
609,12225
618,12375
638,12545
642,12710
1004,9310
1019,11020
28,11175
33,11405
409,11990
417,12135
426,12320
429,12535
2070,7585
1811,7950
1819,8115
2084,9070
2088,9225
2092,9375
919,10675
882,10870
883,11060
82,11200
143,11355
1216,12005
1221,12135
2159,12305
2162,12490
2280,12695
2281,12865
391,7685
338,7865
365,7990
371,8105
1427,8305
1398,8445
87,9170
102,10995
1603,11180
1613,11315
1121,12010
1140,12220
1137,12415
1105,12565
2226,7635
2230,7900
2171,8260
1860,8465
1864,11145
1578,11405
1524,12000
1528,12160
1940,12330
1951,12540
1850,12775
13,7685
2185,7970
2157,8170
2169,8315
2160,8430
871,9155
906,10980
348,11195
358,11395
384,12045
390,12170
2216,12380
2200,12520
1037,12665
998,12840
210,7715
169,7905
1324,8235
1350,9180
1432,9325
1108,9595
987,9875
274,11040
1426,11175
1433,11310
2327,12065
2334,12210
2329,12555
2330,12865
2324,7745
2331,7890
2337,8235
2322,8545
1311,9240
196,11020
207,11350
213,12035
172,12225
1327,12555
2342,7590
135,7865
112,8100
312,8310
275,8445
677,9220
691,9410
697,9595
1979,10555
1954,10705
1016,10950
1024,11225
107,12080
109,12430
281,7670
373,7915
1404,8210
1421,8385
1410,9165
1422,9325
484,9590
441,9820
459,10625
471,11070
935,11225
952,11380
924,12140
925,12435
996,12605
1010,12765
1417,7230
1204,7920
1217,8140
329,8395
290,9180
476,9430
453,9580
1943,10895
1916,11130
2141,11400
2082,11905
1803,12150
1807,12310
1502,12485
1356,12675
325,7800
285,7940
241,8100
1282,8265
2338,8460
2343,9030
136,9305
1889,10580
2231,10780
263,11040
265,11250
1240,12080
1213,12430
2170,12635
2161,12750
1349,7680
1495,8045
1790,8230
1794,8410
1801,9270
1805,9430
1788,9670
1587,10715
1091,11015
1497,11155
1796,11330
1799,11485
1601,11940
1611,12070
1492,12210
1493,12435
1779,7665
1761,7815
1777,7985
1778,8130
2075,8360
2076,8525
1986,10960
1960,11110
1961,11280
1269,12000
1281,12150
413,12285
422,12430
552,12615
505,12850
1316,7785
1363,7975
1341,8180
1306,8360
2227,9075
2233,9340
2079,10535
2067,11020
594,11165
555,11395
2279,12010
2275,12165
1226,12370
1235,12600
2083,7630
2087,7785
2091,7935
2095,8085
1644,8240
1648,8470
2277,9130
2273,9285
1236,9490
1245,9720
1239,10640
1212,10990
2283,11255
2288,11425
2031,12100
2013,12265
2014,12445
2017,12630
2362,7690
1535,7900
1542,8100
1533,8280
1538,8480
1130,9135
1142,9270
1117,9400
2199,11080
656,11225
674,11360
729,11920
957,12150
969,12295
939,12490
1022,12690
1310,7800
195,8140
206,8470
2363,9130
2359,9295
859,9535
843,9715
212,10980
992,11155
1555,11375
1556,11795
574,12050
1334,12365
1335,12595
1800,7830
1804,7990
1499,8165
1354,8355
1376,9120
1496,9485
341,9955
1964,10855
1970,11015
1436,11160
1339,11360
296,12110
309,12255
1462,12420
1456,12580
1887,7700
1167,7895
224,8105
908,8245
887,8475
392,9125
339,9305
387,9430
897,10695
913,11035
881,11330
1165,12190
1181,12360
657,12575
675,12720
2360,7855
1332,8050
1336,8260
1304,9180
1314,9550
2208,10710
2203,10890
2211,11130
2213,11365
1323,12125
1331,12360
1344,12500
1309,12680
2195,7670
1926,7935
1922,8135
1529,8320
1517,8490
2144,9075
2124,9230
2134,9400
2151,9585
1724,10880
1688,11045
1699,11235
1710,11430
1725,12320
1689,12485
1716,12675
1719,12870
1621,7690
1631,7930
2128,8275
2130,8470
2182,9095
2174,9280
2166,9605
2178,9910
1523,10560
1527,10720
2037,10910
2040,11110
2340,11340
2345,11910
328,12120
288,12260
244,12420
1285,12585
2119,7605
2056,7925
2060,8085
1992,8245
2000,8495
2009,9035
1997,9215
473,9435
493,10655
2050,10905
2054,11085
614,11275
622,11460
2197,11990
1929,12255
1925,12455
1532,12640
1520,12810
1918,7760
1920,7910
463,8125
479,8410
1122,8545
711,9145
2093,10815
2097,11015
1260,11155
1397,11300
1931,12080
1933,12230
466,12445
482,12730
1124,12865
318,7685
277,7860
1941,8015
1914,8250
1982,9175
1957,9405
2005,9630
1989,9845
1983,10615
1958,10845
2006,11070
1990,11285
1984,12055
1959,12285
2007,12510
1991,12725
813,7790
768,7945
784,8155
795,8370
765,9130
781,9320
854,9480
860,10975
818,11155
824,11325
2118,11970
2102,12165
800,12325
801,12520
2008,7595
1996,7775
2048,8025
2052,8205
2139,8520
2120,9045
2057,9365
2061,9525
1993,9685
2001,9935
2010,10475
1998,10655
449,10875
451,11085
701,11225
2127,11445
1584,11975
1591,12175
1664,12375
1656,12530
1668,12700
1675,12860
764,7690
780,7880
839,8040
841,8210
177,8520
1930,9200
1932,9350
302,9640
2101,10725
791,10885
798,11080
1512,11240
1508,11395
321,12005
280,12180
1944,12335
1917,12570
1753,7695
1093,7905
1055,8105
1067,8300
1082,8470
2207,9270
2202,9450
2210,9690
2212,9925
1683,10550
1685,10745
1696,10900
1701,11055
581,11315
767,12010
783,12200
840,12360
842,12530
2341,12780
1222,7685
1231,7815
1866,7995
1869,8155
2313,8340
2319,8530
437,9085
492,9215
2049,9465
2053,9645
2058,10805
2062,10965
1994,11125
2002,11375
2011,11915
1999,12095
2051,12345
2055,12525
2142,12840
1582,7655
1589,7855
1661,8055
1653,8210
1665,8380
1672,8540
1616,9130
1626,9370
1617,10570
1627,10810
1642,11045
1624,11250
1694,11985
7,12195
1652,12430
1671,12645
132,7595
1162,7870
1178,8040
1852,8330
1856,8480
814,9230
769,9385
803,9595
2183,10535
2175,10720
2167,11045
2179,11350
1618,12010
1628,12250
1981,7735
1956,7965
2004,8190
1988,8405
123,9085
2103,9410
2108,9575
2113,9735
507,11020
510,11190
583,11350
1244,11930
1255,12085
93,12225
486,12530
443,12700
1241,7610
1252,7765
92,7905
483,8210
440,8380
458,9185
185,11055
485,11210
442,11370
1936,11960
1947,12275
1913,12505
1910,12720
1274,7700
8,7875
1039,8195
1894,8425
1883,9055
1133,10995
910,11190
1861,11405
629,11965
641,12195
604,12355
621,12525
885,7615
896,7815
912,8155
878,8450
282,9110
431,9795
1284,11145
156,11310
133,11915
337,12250
399,12445
362,12605
369,12780
837,7705
1372,8090
1388,8375
868,9115
820,9345
834,9460
1225,10930
1234,11160
1358,12055
1362,12375
1552,12645
1554,12800
2115,7650
2099,7845
811,8005
812,8200
2027,9120
2033,9305
2023,9505
2034,10745
1534,11160
1539,11360
761,11990
772,12135
2107,12325
2112,12485
157,12750
1680,7670
1684,7865
1695,8020
1700,8175
1744,8345
1754,9135
1863,9705
489,11145
620,11275
2209,12150
2204,12330
2221,12570
2223,12805
515,7920
529,8180
1452,9195
1454,10195
579,11195
599,11415
1453,12075
2181,7655
2173,7840
2165,8165
2177,8470
1662,9495
1654,9650
1666,9820
1673,9980
1663,10935
1655,11090
1667,11260
1674,11420
2184,11975
2176,12160
2168,12485
2180,12790
1521,7680
1525,7840
2036,8030
2039,8230
76,8465
1223,9125
1232,9255
2262,9420
2264,9575
821,10785
835,10900
845,11030
716,11340
1885,11935
1002,12260
1855,12650
1858,12800
759,7670
770,7815
2104,8005
2109,8165
154,8430
130,9035
335,9370
397,9565
375,9725
398,11005
350,11165
355,11340
816,12110
774,12265
786,12475
797,12690
2026,7680
2032,7865
2021,8065
2022,8315
779,9110
787,9255
2105,9445
279,10740
377,10915
1041,11225
1896,11405
2122,11925
2059,12245
2063,12405
1995,12565
2003,12815
